/*
level number
time for answer
lifes on level
freeze buttons
remove two buttons
/*

level1
3000
2
1
1
1+1
1,2,3,4
2
2+2
1,2,3,4
4
0+2
1,2,3,4
2
2+1
1,2,3,4
3
1+0
1,2,3,4
1
1+2
1,2,3,4
3
1+1
1,2,3,4
2
0+3
1,2,3,4
3
1+2
1,2,3,4
3
2+2
1,2,3,4
4
end level

level2
3000
2
1
1
1+2
2,1,3,4
3
2+0
3,1,2,4
2
1+1
3,2,3,1
2
1+3
3,1,4,2
4
2+2
1,4,3,2
4
1+2
2,4,3,1
3
3+1
1,2,3,4
4
1+0
4,3,1,2
1
2+1
3,2,1,4
3
3+0
4,3,2,1
3
end level

level3
3000
2
1
1
1+2
2,1,3,4
3
2+0
3,1,2,4
2
1+1
3,2,3,1
2
1+3
3,1,4,2
4
2+2
1,4,3,2
4
1+2
2,4,3,1
3
3+1
1,2,3,4
4
1+0
4,3,1,2
1
2+1
3,2,1,4
3
3+0
4,3,2,1
3
end level

level4
3000
2
1
1
1+2
2,1,3,4
3
2+0
3,1,2,4
2
1+1
3,2,3,1
2
1+3
3,1,4,2
4
2+2
1,4,3,2
4
1+2
2,4,3,1
3
3+1
1,2,3,4
4
1+0
4,3,1,2
1
2+1
3,2,1,4
3
3+0
4,3,2,1
3
end level

level5
3000
2
1
1
1+2
2,1,3,4
3
2+0
3,1,2,4
2
1+1
3,2,3,1
2
1+3
3,1,4,2
4
2+2
1,4,3,2
4
1+2
2,4,3,1
3
3+1
1,2,3,4
4
1+0
4,3,1,2
1
2+1
3,2,1,4
3
3+0
4,3,2,1
3
end level

level6
3000
2
1
1
1+2
2,1,3,4
3
2+0
3,1,2,4
2
1+1
3,2,3,1
2
1+3
3,1,4,2
4
2+2
1,4,3,2
4
1+2
2,4,3,1
3
3+1
1,2,3,4
4
1+0
4,3,1,2
1
2+1
3,2,1,4
3
3+0
4,3,2,1
3
end level

level7
3000
2
1
1
1+2
2,1,3,4
3
2+0
3,1,2,4
2
1+1
3,2,3,1
2
1+3
3,1,4,2
4
2+2
1,4,3,2
4
1+2
2,4,3,1
3
3+1
1,2,3,4
4
1+0
4,3,1,2
1
2+1
3,2,1,4
3
3+0
4,3,2,1
3
end level

level8
3000
2
1
1
1+2
2,1,3,4
3
2+0
3,1,2,4
2
1+1
3,2,3,1
2
1+3
3,1,4,2
4
2+2
1,4,3,2
4
1+2
2,4,3,1
3
3+1
1,2,3,4
4
1+0
4,3,1,2
1
2+1
3,2,1,4
3
3+0
4,3,2,1
3
end level

level9
3000
2
1
1
1+2
2,1,3,4
3
2+0
3,1,2,4
2
1+1
3,2,3,1
2
1+3
3,1,4,2
4
2+2
1,4,3,2
4
1+2
2,4,3,1
3
3+1
1,2,3,4
4
1+0
4,3,1,2
1
2+1
3,2,1,4
3
3+0
4,3,2,1
3
end level

level10
3000
2
1
1
1+2
2,1,3,4
3
2+0
3,1,2,4
2
1+1
3,2,3,1
2
1+3
3,1,4,2
4
2+2
1,4,3,2
4
1+2
2,4,3,1
3
3+1
1,2,3,4
4
1+0
4,3,1,2
1
2+1
3,2,1,4
3
3+0
4,3,2,1
3
end level

level11
3000
2
1
1
1+2
2,1,3,4
3
2+0
3,1,2,4
2
1+1
3,2,3,1
2
1+3
3,1,4,2
4
2+2
1,4,3,2
4
1+2
2,4,3,1
3
3+1
1,2,3,4
4
1+0
4,3,1,2
1
2+1
3,2,1,4
3
3+0
4,3,2,1
3
end level

level12
3000
2
1
1
1+2
2,1,3,4
3
2+0
3,1,2,4
2
1+1
3,2,3,1
2
1+3
3,1,4,2
4
2+2
1,4,3,2
4
1+2
2,4,3,1
3
3+1
1,2,3,4
4
1+0
4,3,1,2
1
2+1
3,2,1,4
3
3+0
4,3,2,1
3
end level
end stage



