/*
level
time for answer
lifes on level
freeze buttons
remove two buttons
/*

level1
5000
1
0
0
1+1
1,2,3,4
2
2+2
1,2,3,4
4
0+2
1,2,3,4
2
2+1
1,2,3,4
3
1+0
1,2,3,4
1
1+2
1,2,3,4
3
1+1
1,2,3,4
2
0+3
1,2,3,4
3
1+2
1,2,3,4
3
2+2
1,2,3,4
4
end level

level2
4000
1
1
0
1+2
2,1,3,4
3
2+0
3,1,2,4
2
1+1
3,2,3,1
2
1+3
3,1,4,2
4
2+2
1,4,3,2
4
1+2
2,4,3,1
3
3+1
1,2,3,4
4
1+0
4,3,1,2
1
2+1
3,2,1,4
3
3+0
4,3,2,1
3
end level

level3
3000
1
1
1
1+2
2,1,3,4
3
2-1
3,1,2,4
1
1+1
3,2,4,1
2
4-1
3,1,4,2
3
2+2
1,4,3,2
4
4-2
2,4,3,1
2
3+1
1,2,3,4
4
1+0
4,3,1,2
1
3-2
3,2,1,4
1
3+0
4,3,2,1
3
4-3
3,1,4,2
1
2+2
1,4,3,2
4
3-0
2,3,4,1
3
3+1
1,2,3,4
4
1+0
1,3,4,2
1
end level

level4
4000
2
0
1
1+2-1
2,1,3,4
2
2+0+1
1,3,2,4
3
1+3-2
3,2,3,1
2
1+1+2
3,1,4,2
4
2-2+2
1,4,3,2
2
1+1-1
2,4,1,3
1
2+1+1
1,2,3,4
4
1-0+3
4,3,1,2
4
2-1+0
3,2,1,4
1
3+0-1
4,1,2,3
2
1+2-2
3,2,3,1
1
0+2+1
3,1,4,2
3
0+4-2
1,4,3,2
2
1+1+1
2,4,1,3
3
2-1+1
1,2,3,4
2
end level

level5
4000
2
1
0
1+2+2
5,1,3,4
5
2+0+4
5,1,6,4
6
1+4-2
3,2,4,1
3
1+3-2
3,1,6,2
2
2+3-1
1,5,4,2
4
1+2+2
2,4,3,5
5
1+3-2
5,2,7,6
2
1+0+4
4,6,1,5
5
5-1-3
5,2,1,6
1
3-1+4
4,3,7,6
6
1+2+2
5,1,6,4
5
2-0+4
5,2,4,6
6
1+2-1
3,5,2,1
2
2+3+1
6,1,5,2
6
2+0-1
1,5,3,2
1
end level

level6
4000
2
0
0
1x2
2,1,3,4
2
2x2
3,1,2,4
4
1x4
4,2,3,1
4
2x3
3,5,4,6
6
2x2
1,4,5,2
4
0+(2x1)
2,4,3,1
2
3+(1x2)
2,5,6,4
5
1+(0x1)
4,3,1,2
1
2+(1x3)
3,2,5,6
5
(3x2)-1
4,3,6,5
5
2x2
5,1,2,4
4
(1x4)+1
4,2,6,5
5
(2x3)-3
3,5,4,6
3
(2x2)-1
1,4,5,3
3
0+(2x1)
2,4,3,1
2
(1x2)+3
5,2,6,4
5
1+(1x1)
4,3,1,2
2
2+(1x3)
2,3,5,6
5
(3x2)-2
4,3,6,5
4
(2x2)+1
5,1,6,4
5
end level

level7
4000
2
1
0
4/2
2,1,3,4
2
2/2
3,1,2,4
1
1+(2/1)
3,2,3,1
3
1+(4/2)
3,1,4,2
3
(2x2)-2
1,4,3,2
2
1+2+3
6,4,3,7
6
3+(4/2)
1,5,3,6
5
1+(0x3)
4,3,1,5
1
2+(6/3)
3,5,1,4
4
3+0-2
4,3,2,1
1
1+(2x3)
6,8,3,7
7
1+(4/2)
1,3,5,6
3
1+(1x3)
4,1,3,5
4
3+(6/2)
3,5,6,7
6
3+2-2
4,3,2,1
3
1+1+3
6,4,5,7
5
(4/2)-1
1,5,3,6
1
1+(1x3)
4,3,1,5
4
(6/2)-2
3,5,1,4
1
3+0-1
2,3,4,1
2
end level

level8
3000
2
1
1
1+2+2
2,5,6,4
5
2x2-3
3,1,2,4
1
3+6/2
6,5,1,7
6
3x2/2
4,3,2,1
3
1x1+3
6,4,5,7
4
4/2x2
4,5,3,6
4
1x1x3
4,3,1,5
3
2x2/2
3,2,3,1
2
1+3/3
3,1,4,2
2
2x3/2
5,4,3,2
3
3x2/1
6,4,7,1
6
3-1x2
1,2,3,4
1
1+0x3
4,3,1,2
1
2x2x2
6,5,8,4
8
3+0x2
4,3,2,1
3
2x2-1
1,4,5,3
3
2x1-1
2,4,3,1
1
3x2/3
5,2,6,4
2
1+2x1
2,3,4,1
3
2/1x3
2,3,5,6
6
end level

level9
3000
2
1
1
1+2
2,1,3,4
3
2+3-2
3,1,2,4
3
4x2-1
3,7,6,4
7
6/3+3
3,5,4,6
5
2+2x2
6,4,5,7
6
1x6-3
2,4,3,5
3
3x3/3
1,3,2,4
3
4+3/3
6,3,5,1
5
2+1+1
3,2,1,4
4
3x2/6
4,1,6,3
1
1+2x2
4,5,6,2
5
2x3/2
3,1,5,4
3
4/2-1
3,7,1,4
1
4+4/2
3,5,7,6
6
2+1x2
6,2,3,4
4
1x4-3
2,1,3,5
1
2x3/3
1,3,2,4
2
2+9/3
6,3,5,1
5
2x1/1
5,2,1,4
2
2x3/2
2,1,6,3
3
end level

level10
3000
2
0
0
10-4x2
4,3,8,2
2
6x2-7
6,8,5,4
5
4x2/4
3,2,6,4
2
6+3/3
7,3,8,6
7
1+3x2
6,4,5,7
7
1x6/2
2,4,3,5
3
3+3/3
5,3,4,2
4
4x3/4
6,3,5,1
3
4x4/4
5,4,1,2
4
3-2/1
4,1,6,3
1
1x2x3
4,5,6,2
6
2x3/2
3,1,5,4
3
7-2x3
3,7,1,4
1
4+4/2
3,5,7,6
6
2x4/4
6,2,3,7
2
1x4+3
2,7,3,9
7
9/3/3
2,3,1,4
1
2+9/3
5,3,6,1
5
2x1/1
5,2,1,4
2
8-3x2
5,2,6,3
2
end level

level11
3000
2
2
0
1+2+2
2,5,3,1
5
3-2x1
3,1,2,4
1
1+1x3
4,2,3,1
4
1+3/3
3,1,4,2
2
2+2-3
1,4,3,2
1
2x2/2
4,2,3,1
2
3/1x2
5,2,6,8
6
1+0x5
4,5,1,6
1
2/1-1
3,2,4,1
1
3x2-4
4,3,2,1
2
2+2/2
3,5,2,1
3
5-2x1
3,1,2,4
3
2+3/3
4,2,3,1
3
7-6/2
5,1,4,2
4
2x2-3
1,4,3,2
1
5x2/2
4,5,3,6
5
4/1x2
5,6,9,8
8
3+5x0
3,5,1,4
3
2+4-3
3,2,4,1
3
4/2x2
4,3,2,1
4
3+2/2
3,5,4,1
4
5-1x1
3,1,4,2
4
4+4/2
2,6,4,8
6
4-6/2
3,1,4,2
1
4x2-4
6,3,4,2
4
end level

level12
4000
2
0
0
4x3-7
5,2,6,4
5
4+8/2
3,6,8,4
8
5x3/3
5,8,9,6
5
2x3/6
3,1,4,2
1
2x2x2
8,6,4,2
8
8/4+3
6,4,5,1
5
3x3x1
3,2,9,6
9
9-2-3
4,3,1,2
4
2+5-6
3,2,1,4
1
3x3-6
4,3,2,1
3
4x2-7
5,1,6,4
1
3x2/2
3,6,8,4
3
6x3/3
5,8,9,6
6
1x3-1
3,1,4,2
2
0x2+2
8,6,4,2
2
4/4+3
6,4,5,2
4
3x2/3
3,2,9,6
2
9-1x3
4,6,8,2
6
2+5-6
3,2,1,4
1
2/2+6
4,7,9,3
7
6/2+3
5,1,6,8
6
1+4-0
3,5,6,4
5
3x3-4
1,5,2,6
5
2x5-5
5,1,6,4
5
3x4/3
3,6,8,4
4
end level
end stage



